collide-pairs-v1 1000 2000
PRIM 1 4972.23096 -1072.75647 5276.84766 0.690323949 -0.716238141 -0.102253795 0.701963782 0.62882483 0.3344042 -0.175213307 -0.302625686 0.936866045 0 0 0.985266984 2.94871593 2.99027538 0
PRIM 0 4968.37793 -1072.53442 5282.89014 0.468614817 -0.505631149 -0.724387527 0.874893963 0.379171461 0.301312983 0.122313835 -0.774962008 0.620059013 2.90800142 0 0 0 0 0
PRIM 1 -7082.68018 -2074.70825 -243.019714 0.917262018 -0.184800044 0.352816224 0.065634869 0.943865538 0.323743671 -0.392838925 -0.273800731 0.877901316 0 0 3.23861837 1.64354444 1.04875112 0
PRIM 0 -7081.59277 -2075.96362 -243.224411 0.885217428 0.0295953527 0.464235097 -0.182389274 0.940146983 0.287850261 -0.427930206 -0.339481562 0.837632358 1.29918909 0 0 0 0 0
PRIM 2 -5281.2207 -6507.25781 192.793579 0.758863389 0.558551371 -0.334883153 0.384160966 0.0313003398 0.922735393 0.525877059 -0.828879178 -0.190820947 1.93285358 1.18650937 0 0 0 0
PRIM 1 -5285.05713 -6507.94336 192.229843 0.91108042 -0.140878439 -0.387409002 -0.00565872155 0.935428858 -0.35346964 0.412189811 0.324231505 0.851453722 0 0 3.77294254 2.85641289 0.750184774 0
PRIM 2 -4200.66504 -4671.01367 1823.03723 0.0921895504 -0.623194933 0.776613891 0.83842361 0.469328284 0.277086347 -0.537165701 0.625586927 0.56576848 0.653279066 4.59610415 0 0 0 0
PRIM 2 -4199.95215 -4672.37256 1822.14844 -0.987790406 0.153457016 0.0268527325 0.0437977463 0.108132102 0.993171275 0.149505466 0.982221127 -0.113532923 1.94020855 3.8387084 0 0 0 0
PRIM 0 -5291.75 5726.76855 2146.4292 0.999949396 0.000569708587 0.0100459009 -0.000603650871 0.999994099 0.00337601127 -0.0100439182 -0.00338190445 0.999943852 1.44286454 0 0 0 0 0
PRIM 2 -5289.81934 5726.14014 2146.8208 0.775655091 0.42302686 0.468409449 -0.137011081 0.837301075 -0.529296517 -0.616106391 0.346374273 0.707416236 0.376832396 1.04960525 0 0 0 0
PRIM 1 -3713.12671 -4681.02051 -23.7134266 0.783412933 0.424334913 0.454096943 -0.272559643 0.891207755 -0.36257413 -0.558547556 0.160276756 0.81384027 0 0 0.410842627 2.01470113 2.06808972 0
PRIM 3 -3713.14648 -4681.01611 -23.7398415 0.988087058 0.0815721825 -0.130498707 -0.0805814043 0.996665001 0.0128637133 0.131112829 -0.00219469983 0.991365016 0 0 0 0 0 15 -0.256811768 -1.49701416 0.602695882 -2.15179133 1.03643382 -1.94761837 0.484099716 0.00706789549 2.1119597 -2.49172473 -2.1698544 0.207575202 -2.54056334 2.69636393 1.83786356 1.92726421 1.91450071 -0.306713343 1.60155988 -1.78928661 -0.778222859 2.59715199 -1.86282277 -1.51606333 -0.112092257 0.512826741 1.74848878 -1.1269505 -1.93251848 0.147456929 -2.43532395 2.04388189 0.262749225 -2.37654352 -1.57077968 -2.3221817 -1.07895124 -1.44820392 2.47696161 -0.394356579 0.752278507 0.670026004 -1.80909574 -2.58991861 -0.653527379
PRIM 0 -7402.42139 -7573.95361 -3385.02515 -0.479351461 0.872066975 0.0985968038 -0.000598260376 -0.112669945 0.993632317 0.877622843 0.476240128 0.0545302294 2.45003033 0 0 0 0 0
PRIM 3 -7398.02002 -7572.77002 -3390.79395 -0.701951265 0.691323042 -0.171279997 0.0894229561 0.324129373 0.941776872 0.706588924 0.645765126 -0.289343178 0 0 0 0 0 15 1.60474145 -0.194106624 -2.6742897 1.82142496 2.02096367 -2.33639884 0.802648962 -1.35007715 -1.91332865 -2.66096258 -1.60365665 2.23042798 2.74365568 -2.44483995 2.49348903 -2.82051468 2.1142621 0.976675868 0.121119477 -1.68591642 2.83506584 -1.33975148 0.245096564 -0.0992984921 -3.10489941 -1.56053841 -1.47980452 -2.37849283 1.54675913 2.00179291 -0.223211408 -0.479315996 1.95738924 -1.15925467 -2.86493778 0.363077492 2.28319716 3.01155925 -0.736017942 1.84811509 1.13140059 -1.67804933 -1.98418021 -0.542284846 -0.848280847
PRIM 1 -3876.73975 -4425.01172 -5544.28125 0.998927057 0.0308055673 -0.0345793925 -0.0307288934 0.999523997 0.00274674175 0.0346475504 -0.00168120814 0.999398172 0 0 3.06375575 1.61618495 1.49273646 0
PRIM 1 -3874.7124 -4420.21191 -5540.19629 0.680381477 -0.663859248 0.310438395 0.723021269 0.538879037 -0.43226108 0.119671784 0.518555999 0.846627653 0 0 2.19283533 3.55195642 2.02641296 0
PRIM 0 616.795532 -2340.92529 6533.15283 0.961490035 -0.148159415 -0.231485814 0.269598782 0.672130704 0.689606249 0.0534170642 -0.725457847 0.686190605 2.73665166 0 0 0 0 0
PRIM 2 616.64563 -2341.32031 6533.45264 0.0977025852 0.990030229 0.101460919 -0.99472636 0.100342169 -0.0212342348 -0.0312033445 -0.0988512114 0.994612873 1.6467284 3.37734389 0 0 0 0
PRIM 0 -2837.9353 -3163.08105 -194.833466 0.622121632 -0.272023648 0.73414427 -0.344924003 0.746565104 0.568918228 -0.702845752 -0.60716033 0.370626807 3.65465832 0 0 0 0 0
PRIM 3 -2835.84937 -3157.90967 -195.501099 0.998283803 -0.0475207716 -0.0342230015 0.0471613891 0.99882412 -0.0112333735 0.0347165801 0.00960009079 0.999351084 0 0 0 0 0 15 3.37528658 0.45946452 1.36495149 -2.67894363 2.73643422 -3.36526871 0.831254601 -0.843558133 -2.86407638 -3.08244777 2.25782442 1.62521529 3.39737964 -0.785468161 2.37959313 2.54988647 -2.59734058 -3.11718464 1.00605881 3.0736475 -3.33058333 -0.56086719 2.16885376 0.0947463065 0.361430645 -0.491677612 -1.19269037 -0.966642439 0.95385927 -0.0287429281 -1.9572351 -1.42485106 -0.806246102 -1.04420257 2.62872171 -0.261057347 -1.95932698 -1.17513335 1.18907177 1.31703627 -1.71206796 -0.7038908 -0.0187283922 -2.09466863 -0.414442271
PRIM 2 5490.58887 788.362732 -6437.56934 0.460748285 0.854603112 -0.239508972 -0.392462045 0.438224286 0.808661282 0.796043098 -0.278591096 0.537310362 0.771202981 5.74963236 0 0 0 0
PRIM 2 5487.23438 787.812561 -6437.99121 0.671542823 0.587808788 -0.451122046 0.691787302 -0.279269844 0.665911913 0.26544404 -0.75926888 -0.594180286 1.04555082 3.63720226 0 0 0 0
PRIM 1 7491.15332 5566.82031 -4042.09839 0.207793087 -0.526782811 0.824209869 0.568031728 0.750956237 0.33675617 -0.796342909 0.398201734 0.455272853 0 0 3.19161868 2.46791577 1.19690788 0
PRIM 0 7492.83594 5563.1084 -4045.64307 -0.0836134329 -0.777495563 -0.623305261 0.566248477 -0.551768303 0.612302601 -0.819982588 -0.301748902 0.486390918 1.94319129 0 0 0 0 0
PRIM 1 3385.78027 4646.92041 -4179.11279 -0.282293141 0.282146841 0.916898966 -0.02043158 0.95378691 -0.299788356 -0.959110618 -0.103361897 -0.263482809 0 0 2.33678055 3.53886056 3.39490509 0
PRIM 1 3384.14966 4648.54297 -4179.1084 0.0419365987 0.426236153 0.903639317 0.793554664 0.535312891 -0.289328605 -0.607052147 0.729220688 -0.315792501 0 0 2.96028924 0.998874724 0.574478924 0
PRIM 1 3968.09375 -3663.81592 -6628.97363 0.190299526 0.689658701 0.698682308 0.872006297 0.208193988 -0.443012774 -0.450989068 0.693560421 -0.561767519 0 0 3.40931153 1.14981091 3.3744936 0
PRIM 3 3967.14746 -3667.21069 -6634.34326 -0.571688533 -0.53431958 -0.622635365 0.80841285 -0.496457249 -0.316226006 -0.140146077 -0.684129179 0.715769768 0 0 0 0 0 16 1.6843667 -2.0921185 1.78086591 1.16691136 -0.512828052 -0.464924872 -1.48749459 -1.49527681 -0.69170785 1.11575818 -2.20270681 2.46940994 -0.81924367 -2.06794167 0.95421946 2.0492475 -0.709801137 -0.867301702 -1.29488683 -2.26894784 1.73927665 1.01712286 1.08533216 1.61168754 -0.0693662539 -0.156010643 -1.23367572 1.16001356 2.33770275 1.68059063 2.48493385 -1.87663889 -1.12408257 -1.0287466 -2.3597064 1.42796004 -0.728256702 0.184524253 -0.335597247 2.1025219 0.384718776 1.16746759 -0.878918111 -2.18685031 0.999770582 -0.577317357 2.2084229 1.3388195
PRIM 3 -1987.12378 4216.3125 -2336.72705 -0.738041222 -0.67200309 0.0608852953 -0.195566639 0.126676276 -0.972474575 0.6457932 -0.729633451 -0.224913701 0 0 0 0 0 12 -0.945489764 -0.687442839 -0.236912131 1.04226947 0.547249615 0.929380894 0.991197348 0.220753223 -0.406308234 -1.07659793 0.786489189 0.906512499 -0.974916399 0.104316197 0.225044161 -1.02373111 -0.666744828 -0.586004317 -0.0960073322 -0.506358266 -1.07454038 0.391183287 0.0508971885 -0.451666683 0.240054727 0.620935678 0.0602795817 -0.47158742 -0.0501732603 1.04204774 0.883548439 1.02108526 0.517334402 -0.399638385 0.756357789 -0.0445297286
PRIM 1 -1987.24451 4212.63428 -2335.53003 -0.129800707 0.743613541 0.655889213 0.926043749 -0.14551124 0.348237604 0.354393452 0.652583599 -0.669731259 0 0 1.98647213 3.37580323 3.71213436 0
PRIM 0 7695.27539 -7415.90137 -3890.87378 0.933397293 -0.262073159 -0.245126709 0.271834999 0.962323606 0.0062452252 0.234254509 -0.0724632964 0.969470918 1.35860705 0 0 0 0 0
PRIM 0 7696.79492 -7415.76514 -3893.41406 -0.983451366 0.074830316 0.164996326 -0.0067469175 -0.925210774 0.379393607 0.181046516 0.372001946 0.910404682 1.95786047 0 0 0 0 0
PRIM 2 4211.23828 -7424.21045 -6012.91211 0.938824236 0.344193369 -0.0118326237 -0.339428812 0.918920934 -0.200928912 -0.0582851507 0.192653269 0.979534388 1.00311017 4.04178381 0 0 0 0
PRIM 0 4210.8916 -7424.53467 -6012.5918 0.362621784 0.704648793 0.609897971 -0.88441664 0.466513008 -0.0131482398 -0.293790251 -0.53463608 0.792370856 3.03060699 0 0 0 0 0
PRIM 3 2133.21265 -89.5458069 -1013.53778 -0.478741974 -0.783799291 -0.395556301 -0.676433086 0.616509199 -0.402932644 0.559682429 0.0746666044 -0.825336576 0 0 0 0 0 15 0.492813826 -0.712273419 1.16847634 -0.138826028 -0.0878912807 0.0442692339 -0.159141481 0.847617984 0.183431998 0.0616185181 0.957586467 -1.41516352 1.14872015 0.972278655 -1.36588907 -1.07930791 -0.448546171 0.903804123 0.794140279 -0.15128839 -0.636980832 1.3667388 0.531109035 0.918488741 -0.272467375 0.99313581 1.26620328 -0.699479461 -0.570400238 0.17613548 1.23626149 -1.26179051 1.38046145 -0.269832164 0.313330323 0.7071926 0.759536445 -0.0541373566 0.879289746 -0.916817904 1.06129682 0.129167065 1.08764195 1.09557569 1.34545302
PRIM 1 2132.05054 -88.2018356 -1008.66772 0.420161963 0.868168712 0.264096558 0.647144556 -0.490684479 0.583466113 0.636135101 -0.0742416307 -0.767997622 0 0 1.47739112 3.07371211 2.98452997 0
PRIM 1 3930.05054 959.34845 724.720947 0.87801671 0.385739475 0.283357918 -0.405080289 0.914219141 0.0106468424 -0.254944324 -0.124130815 0.958955109 0 0 1.68283105 1.80117452 3.81693077 0
PRIM 2 3928.51562 961.463623 720.364868 0.993570089 -0.108500436 0.032343898 0.10691645 0.993145406 0.0472339503 -0.0372470953 -0.0434721448 0.998360097 0.87284565 5.48808289 0 0 0 0
PRIM 0 7709.58496 4677.68115 -2424.10083 0.643905222 0.676036179 -0.358275175 -0.386345387 0.69147706 0.610407054 0.660396278 -0.254626334 0.706429183 1.45709932 0 0 0 0 0
PRIM 1 7709.66895 4673.65771 -2424.02148 0.695275247 0.0705053508 -0.715277076 0.718471348 -0.0407894775 0.694359541 0.0197802838 -0.996677101 -0.0790159926 0 0 1.7409395 3.39376688 3.70579791 0
PRIM 2 -3005.91406 -7746.82324 978.430115 0.997080445 0.0441039875 0.0623329654 -0.0424004123 0.998697162 -0.028394321 -0.0635040551 0.0256684795 0.997651398 1.85568643 3.70631242 0 0 0 0
PRIM 1 -3010.55151 -7745.13379 977.179077 -0.679893017 -0.723950922 -0.116792738 -0.732492507 0.677989423 0.0615234114 0.0346443094 0.127379149 -0.991248846 0 0 2.26447868 2.10001612 3.50314641 0
PRIM 2 -4382.71094 -80.475029 -7578.57812 -0.123071238 0.287851572 0.949734151 0.595466316 -0.744168043 0.302710742 0.793897569 0.6027897 -0.0798202381 1.42748785 1.81395519 0 0 0 0
PRIM 3 -4378.92822 -83.7593994 -7579.62354 -0.787217796 0.579264998 -0.211518824 0.369235098 0.168034121 -0.914018571 -0.493916631 -0.79763186 -0.346164405 0 0 0 0 0 13 3.01666331 1.60081959 0.102110885 -0.945251763 2.82844353 3.76680899 0.751543403 -1.85551167 0.511578918 2.37745285 -2.59976602 -2.0928812 0.965378284 -1.51244867 1.99779272 3.60331535 -1.27223992 -0.322757244 -0.152499601 3.05482507 -1.58654273 3.534693 -3.50105309 -3.32124782 0.652253807 0.926353455 2.03277707 -2.76960778 2.50641418 1.0836798 -0.245222345 -1.82549846 -0.0304396823 2.24151921 -1.20839703 0.0277013127 1.33601904 0.606716812 -0.893291473
PRIM 3 -1759.38647 346.584198 627.546875 -0.741775036 0.432193249 0.512814581 0.578852236 0.7987445 0.164125904 -0.338673711 0.41858834 -0.842664778 0 0 0 0 0 9 -0.497569621 2.70726919 1.7762295 -1.44029737 3.48189092 -0.0477199629 -1.15671349 -0.743109047 3.36929584 -3.40382433 -2.01234269 -0.790491879 -0.929065228 1.2532984 -3.4957397 3.31874776 1.26973832 3.20554829 -2.06188869 -1.01457751 -2.81717181 1.01305223 2.69178271 1.36325252 0.221898645 1.75896454 -3.35365391
PRIM 0 -1755.19153 344.153046 631.057678 0.129660726 0.63598901 -0.760727346 0.805164456 -0.515295148 -0.293566167 -0.57870394 -0.574446619 -0.578889251 3.25526357 0 0 0 0 0
PRIM 2 3154.87354 -4992.30225 7217.90869 0.598515987 0.374872357 -0.707989633 -0.757368624 -0.0232557487 -0.652573347 -0.261096537 0.926784694 0.269997597 1.98286629 4.59131622 0 0 0 0
PRIM 1 3153.53711 -4992.90186 7216.84912 0.0854895711 -0.676967144 0.731031477 0.977484703 -0.0850762129 -0.193095043 0.1929124 0.731079698 0.654451907 0 0 1.66588008 0.979756474 3.76408267 0
PRIM 0 -4634.97852 -6497.1333 4004.69849 0.946259975 0.15189293 0.28551811 0.00578300282 0.874756575 -0.484528154 -0.323355258 0.460140735 0.826868713 1.9013288 0 0 0 0 0
PRIM 1 -4636.51367 -6495.14746 4004.72192 0.0102744913 -0.253450662 -0.967293739 0.682768047 0.708521783 -0.178394839 0.730562985 -0.658604324 0.180327713 0 0 2.23154831 2.7942183 1.55095899 0
PRIM 2 3458.24609 -7592.63525 -6907.74512 0.17299214 0.731108367 0.659965336 0.978157997 -0.205931872 -0.0282668322 0.115241781 0.650440335 -0.750764072 0.74471283 1.78634202 0 0 0 0
PRIM 0 3460.54883 -7591.09961 -6911.53125 0.987319112 0.151325732 -0.0479741171 -0.148002625 0.986743629 0.0665751621 0.0574126877 -0.0586306304 0.99662745 3.72066188 0 0 0 0 0
PRIM 3 -3735.20923 -774.010742 -2110.75269 -0.307103992 -0.285024852 0.907991171 0.948282838 -0.172145143 0.266694009 0.0802918449 0.942935228 0.323150635 0 0 0 0 0 16 -0.358058184 0.786443353 0.288256615 -2.39422512 1.21493983 -0.143427402 1.42317605 1.95150685 0.819211423 1.47670627 1.57591474 0.65780741 0.69117099 0.75561744 1.89900434 2.33692956 0.381423473 -1.02855659 1.76680386 -1.71949399 1.25431478 1.18870616 -0.599764645 -0.172044337 1.06783676 -0.116388269 1.73523629 1.76270795 -1.42417789 -0.892460704 0.594678342 1.91865563 1.11207616 1.0807184 -1.92774832 0.832251012 -1.8594017 0.89319694 -1.91935158 1.12044239 0.291884065 -1.17145574 0.761807621 -2.41292191 0.645257235 2.49893427 1.73733854 2.02293825
PRIM 3 -3735.17236 -773.292969 -2110.78564 0.510606527 0.505262434 -0.695694506 -0.699621558 0.714492977 0.00542642782 0.499810636 0.483952105 0.71831727 0 0 0 0 0 15 -0.0976800546 -0.0252215173 -0.475913197 1.43302965 -3.54186869 0.258820862 3.29107499 0.731808901 3.42052555 -0.521204531 3.29300499 2.99427104 -3.1696558 -2.64878297 -0.855159521 1.59712517 0.248920575 1.85505199 -0.793536007 -1.84387994 0.539763272 1.45097864 2.52419782 -2.50121975 -0.325070977 -2.42391324 -0.133734196 0.00245971652 0.660386741 -2.93379974 3.51672435 -2.85871196 -0.849733591 3.30956268 -2.78298831 -2.18830585 -2.8223052 -0.481663108 -2.73299336 -2.54367685 -1.44654298 -1.61233056 1.56331527 -1.4006207 0.703340232
PRIM 1 -5176.67822 5979.95459 991.432312 0.228102922 0.943757415 0.239355356 0.407544166 0.130714715 -0.903781712 -0.884238005 0.303703129 -0.354806423 0 0 1.81490958 2.81745434 2.62513685 0
PRIM 3 -5173.82178 5979.49072 991.2995 -0.309238076 -0.644628346 0.699160993 0.162298873 0.68863678 0.706709623 -0.937032998 0.332014561 -0.108330265 0 0 0 0 0 15 0.448711604 0.0662024915 1.16795754 1.96111238 -1.00420082 -0.133651108 -0.274182677 0.0802376047 0.028230859 -0.645606875 -1.3416394 0.464472741 -1.12102604 -1.57037759 1.73612642 -0.676276088 0.74521625 1.58468425 1.43276024 -0.285048842 -0.219232261 -1.19713688 -0.0797304735 -0.610332906 1.71954584 0.890547216 0.539355755 0.646766484 -0.118829824 1.01136625 -0.743770242 1.22153807 0.02173963 1.10628545 0.402740896 1.80293822 -0.622585535 0.779521108 0.982059419 0.417479634 -1.26989377 0.516472518 -1.69828904 0.49543038 -1.37476921
PRIM 3 3092.43042 4801.78613 -5812.36572 -0.879943967 -0.463335395 0.104971245 -0.474545926 0.846785188 -0.240335077 0.0224676486 -0.26129508 -0.96499747 0 0 0 0 0 15 0.846944869 -1.72856081 3.68805337 1.47526884 -1.89123297 -3.06898499 -2.86792779 1.67034709 -1.79526484 3.05250978 1.90357482 -2.04420662 1.67710805 0.109857783 1.26018739 1.65616786 -2.5550468 0.161645904 0.664581001 -2.86401296 1.75833881 -3.62768626 0.362833083 1.66028881 3.08246756 2.56417513 -0.957723975 -3.26700234 -1.87504685 0.498164922 1.68630445 1.81313789 3.6477704 -2.610672 1.92962587 3.0282259 0.970148504 2.29299879 -2.54122734 2.59430814 -3.67260718 2.536309 -2.00401235 -1.64433253 0.348039091
PRIM 1 3086.323 4804.02637 -5814.10547 0.254489958 0.965605497 0.0533000417 -0.673779488 0.137502208 0.726026416 0.693726182 -0.220678896 0.685598135 0 0 1.77304196 3.47019529 0.897596359 0
PRIM 2 337.808716 -1776.99341 881.906738 0.159259215 -0.526531696 -0.8351053 0.458120316 0.788725853 -0.409923494 0.874506891 -0.317294598 0.366826713 1.85452867 4.27320576 0 0 0 0
PRIM 1 338.846252 -1776.2843 884.654297 0.913272619 -0.401552975 -0.0684712902 0.392273694 0.821655393 0.413525969 -0.109792784 -0.404521435 0.907914042 0 0 2.27740192 2.45202374 0.400254488 0
PRIM 0 -6060.0083 7649.33838 4104.85449 0.86674428 0.490693867 -0.089296706 -0.183251917 0.479830801 0.858009994 0.463867545 -0.727311432 0.505811214 3.4723959 0 0 0 0 0
PRIM 1 -6061.20117 7653.57275 4107.55664 -0.759686112 0.1653914 -0.628905952 0.358711571 0.913249314 -0.193136364 0.54240489 -0.372318864 -0.753110647 0 0 2.14645576 2.22445035 2.80511045 0
PRIM 3 -510.277954 -635.654846 2724.07568 0.436108232 0.653585315 -0.618575692 -0.608742893 -0.291982919 -0.73768425 -0.662753105 0.698263705 0.27052927 0 0 0 0 0 14 -1.12324858 -0.224477574 0.569599926 -0.0482495241 0.495425552 0.443993092 0.467573076 1.05815625 0.0646211505 -0.982714772 -0.215593815 -0.539490342 -0.295334071 -0.685206592 0.499373704 -0.947341859 0.13691406 0.215436712 0.692286432 -1.14285648 -0.421679199 -0.820943832 -0.442787886 0.605867803 -0.951249897 -0.607676387 -0.476996183 0.505421579 -0.852127492 0.64434284 -0.568450749 -0.789838493 -0.834353685 1.2046665 0.514059603 -1.16718876 0.779817283 -0.622547865 0.894041419 -0.490833849 0.00228388701 -0.0925542191
PRIM 2 -510.54892 -637.208984 2724.81372 -0.968691647 0.148233771 0.199156389 -0.164696544 0.216569975 -0.962274671 -0.185772896 -0.96494776 -0.185375929 0.373486042 5.07681084 0 0 0 0
PRIM 1 421.89325 80.4857407 -4514.59375 -0.460354626 -0.77965343 -0.42451641 0.611427963 0.0682292208 -0.788353086 0.643606603 -0.622483194 0.445292234 0 0 3.73908925 1.52149808 2.21548295 0
PRIM 2 424.023132 82.692215 -4515.13623 0.346296698 0.935491264 0.0702473223 -0.317080289 0.187191188 -0.929741681 -0.882914901 0.299692422 0.36144954 1.68321395 3.69363451 0 0 0 0
PRIM 0 -2283.4751 -844.453308 -6036.48145 -0.911988258 -0.404740423 -0.0668026656 -0.299070358 0.767476141 -0.567042589 0.280774504 -0.497157484 -0.820975125 3.47639966 0 0 0 0 0
PRIM 3 -2282.40674 -845.307922 -6035.7666 -0.855114579 0.0685331076 -0.513889372 -0.503880084 -0.343120724 0.792699873 -0.121999912 0.936787784 0.327939987 0 0 0 0 0 9 0.635346353 -1.37513435 1.40325868 -0.482677072 1.42344463 0.0321569256 1.90610218 0.95395422 -0.126853749 -0.752658069 1.05583 0.232614145 0.405158013 1.49187994 0.868109524 0.404607117 1.63994575 -0.766065359 0.442082167 0.845604241 -1.89450932 0.737719357 -1.90612984 -0.537808657 -0.706564546 0.121957228 -0.816616535
PRIM 3 -5532.47168 -4759.74951 -5119.65967 0.140118659 0.449238658 0.882355571 -0.188345864 0.886968732 -0.421677917 -0.972055852 -0.10710308 0.20889312 0 0 0 0 0 16 -0.357550859 0.625829756 -0.804947674 0.245041922 0.7955302 -0.0206827205 0.447266787 0.892100871 -1.38652229 1.67269492 1.92723584 -0.621198595 -0.615785539 -1.19389677 -1.83737814 1.02131188 -0.791434646 -1.42017066 -0.00789944176 -1.13969088 1.3029536 1.69391358 1.36957014 -0.523592889 0.0573477559 0.877726853 -1.6904211 -0.421038121 1.52913725 0.780492663 -1.78693724 -1.50471306 1.79920185 1.29691434 -1.30737007 1.92202675 1.92465222 -0.183120281 -0.847374141 1.28352046 1.21489108 -1.57112563 -1.7026397 0.84751451 -0.847077906 1.6069721 1.52218437 -0.98513788
PRIM 1 -5531.83496 -4758.30078 -5119.9458 -0.837070823 -0.508276761 0.202403575 -0.450346529 0.430086881 -0.782440603 0.310645252 -0.746109903 -0.588913858 0 0 0.944114447 3.15040779 3.24526763 0
PRIM 0 -677.951233 -1165.5238 3079.25977 -7.30825632e-05 -0.985637903 -0.168872386 0.351309061 -0.1581337 0.922808588 -0.936259568 -0.0592589565 0.346275061 0.897069991 0 0 0 0 0
PRIM 2 -680.27301 -1164.22656 3080.97632 -0.552323818 0.805301011 0.21547322 -0.819556653 -0.477253765 -0.317105293 -0.152529821 -0.351737291 0.923588395 0.684919894 5.71922684 0 0 0 0
PRIM 3 -1451.30066 -5543.03467 6040.94141 -0.244896322 0.439428359 -0.864250243 -0.771839738 0.451102346 0.448073775 0.586761653 0.776794314 0.228694946 0 0 0 0 0 16 1.30693197 -3.88020825 1.50647628 2.15428233 -0.753780425 1.26450145 -1.67004764 1.18978369 -3.32880592 -1.96407712 2.67784262 1.9654634 -0.338842899 -3.15901804 2.14250278 0.519283891 2.56430936 -3.86283684 -1.08452487 0.295411617 1.04583406 -2.82059598 -1.17990518 -1.88218105 3.10215616 -3.3973825 1.32169616 -1.93707967 2.7980845 -0.503436148 -2.94892383 -1.44219732 -1.81540108 -1.27926278 3.33101606 -0.709815562 -1.28580642 -2.86615419 -1.74449944 1.52542388 3.8564992 1.4167825 0.29373163 1.80803359 -0.119376332 0.294446349 1.76020193 0.20084466
PRIM 0 -1453.27185 -5548.33936 6045.35938 0.937039316 -0.219887078 0.271306127 0.223558024 0.974529803 0.0177064035 -0.268289298 0.044061061 0.962330222 2.03569126 0 0 0 0 0
PRIM 0 -6475.13477 18.7466431 -5445.44043 0.967783868 -0.229321435 0.103952311 0.132200256 0.814188004 0.565350354 -0.214283675 -0.533394396 0.818274319 2.81399536 0 0 0 0 0
PRIM 3 -6470.48242 22.6678295 -5448.02393 0.98711282 0.158789515 -0.0198546927 -0.154538661 0.97811085 0.139344767 0.0415465757 -0.134480685 0.990044832 0 0 0 0 0 13 -1.03342545 -2.26008296 2.02760911 -0.0854668543 -1.78203773 -0.49823156 -0.767223954 1.43928826 2.26301885 -0.369060695 2.28898478 1.19006371 0.506748617 -0.108250812 0.210069969 -0.503607929 -0.375755101 -1.10396183 1.90796888 -2.08888721 0.717974067 -0.0558242686 0.719364941 0.865491509 1.20962381 2.36102223 1.97756338 1.68288851 1.89963853 -1.30043447 -1.10648215 -1.18868315 -0.539073944 -0.793563068 1.58124566 0.693185627 -2.29061699 0.728972197 -1.47611165
PRIM 0 -3353.28662 1559.50415 2527.20728 0.547774792 -0.746690691 0.377353728 0.826086104 0.411362499 -0.385178655 0.132380128 0.522717834 0.842164814 3.24251461 0 0 0 0 0
PRIM 3 -3354.33008 1560.24524 2527.78198 0.0430254899 -0.308110148 0.950377285 0.981150985 0.192406505 0.0179590788 -0.188392147 0.931690872 0.310580969 0 0 0 0 0 13 3.75526237 3.64631128 1.79051578 3.54876232 2.70551324 1.9756763 1.2349571 -1.16119659 1.81059825 -0.657881379 1.20170832 2.82809973 1.80876267 -3.19467425 -3.82283926 -1.35308421 0.581061959 2.01680803 2.86168194 0.418581098 -2.96811438 -1.46339726 3.70535207 2.4709816 2.5110383 0.511935711 -2.17867064 1.83697319 0.680911481 -1.03324997 -0.495889932 -1.01077807 -2.64316797 3.08049655 -0.972810686 0.935453355 2.53764939 -0.764706194 2.32340479
PRIM 1 -2494.60571 -7852.65283 2592.77393 0.165473595 0.935889423 0.311013669 0.929908931 -0.0430321991 -0.3652637 -0.328462839 0.349655896 -0.877412617 0 0 1.69175065 1.35306287 3.23233342 0
PRIM 3 -2496.10498 -7852.83496 2593.89233 0.973769486 -0.0228491053 0.226386592 0.0474402308 0.99346751 -0.103787102 -0.222536281 0.111804545 0.968492329 0 0 0 0 0 14 -1.45491135 -1.28419888 -1.30728483 -0.567333102 -0.200127333 -1.05689943 -0.335552871 -1.4776144 1.08292854 -0.0985240117 0.282369703 0.527772367 0.3721461 -0.646753132 1.28195465 -0.107449435 0.428711772 0.244932652 -1.02091193 -0.0804356188 1.2582972 0.141775236 -0.821693957 -0.98348546 0.691957474 0.750579 -1.01553571 0.177608818 0.714706063 -0.461542815 -0.279196352 -1.09734631 -1.34249878 0.873135746 -1.31894469 -0.876958549 0.108903237 0.785500288 0.245347753 0.00449218368 -0.334817857 1.12347674
PRIM 3 -6251.68213 6087.66309 2341.16895 0.657058299 -0.61190933 -0.440274209 -0.732629895 -0.380776942 -0.564147472 0.177560836 0.693235815 -0.698495686 0 0 0 0 0 15 -0.0335457847 -0.935614169 0.873379648 -0.0931557193 0.786717355 -0.708402872 0.863703251 -0.899110556 0.54022938 0.945663333 0.157526717 0.493313253 -0.727392793 -0.704155803 0.0361795835 -0.210499078 -0.943446279 0.179369852 -1.14177132 -0.412314117 0.986910701 0.658772707 -0.0905186906 0.999794364 -1.0838722 -0.752265513 -0.112572357 0.742407084 -1.04143643 0.157622665 1.13514793 0.403174996 -0.685193241 -0.767612576 0.9761585 1.13249767 0.352931887 0.893546283 0.200631902 0.242226034 -0.921387732 1.03367615 0.837197125 0.0634494126 0.507487714
PRIM 2 -6251.49512 6088.65967 2342.85181 0.779754758 -0.624160826 -0.0490481555 0.556605697 0.72696054 -0.402142376 0.286657602 0.28627196 0.914262414 0.629205287 3.40778589 0 0 0 0
PRIM 1 3019.21191 183.167297 808.362732 -0.28081733 -0.593664885 0.754124403 -0.640723825 -0.469049484 -0.607836843 0.714573026 -0.653876543 -0.248658016 0 0 3.10250401 1.38177323 2.27137375 0
PRIM 1 3014.18359 181.440765 810.983215 0.837207854 -0.54632473 0.0247445684 0.00156382821 0.0476377755 0.998863459 -0.54688257 -0.836217642 0.0407370776 0 0 0.538447797 2.98671865 0.947225034 0
PRIM 3 5819.81641 -1833.95825 53.7651901 -0.569213569 -0.619854867 0.540162861 0.682461202 0.0101835029 0.730850875 -0.458522201 0.784650445 0.417230308 0 0 0 0 0 14 -1.58990991 -1.36152601 -0.579414725 1.42881858 0.703521907 1.04960191 1.40829575 -0.621475756 -0.667588115 -1.02841139 0.900575042 0.442083031 -0.0175861754 0.820492566 -0.685310543 -1.05907393 -0.689859271 1.37147009 0.394040883 1.49252391 1.08761644 1.46563625 -0.91134721 -1.20597517 1.41534472 0.610567927 0.607466459 1.31112826 -0.381080478 -0.337591678 -0.903336465 0.558769941 0.556134164 -0.682823598 -0.0442310087 1.32432413 0.0438961722 0.664998591 0.407190323 -0.234203443 0.889897048 -1.4499315
PRIM 2 5819.87744 -1836.92676 56.0750923 -0.0284794327 0.0572549812 0.997953296 0.977013707 0.212598711 0.0156845637 -0.211265564 0.975460768 -0.0619935915 0.940095484 5.17411375 0 0 0 0
PRIM 1 -2827.76929 -3247.30566 5446.01465 0.848942697 -0.52716136 -0.0373788439 -0.00887796562 0.0564927384 -0.998363554 0.528410316 0.847885311 0.0432789773 0 0 1.62799776 1.90047634 3.21823263 0
PRIM 3 -2827.75928 -3246.89282 5445.87061 0.660912454 0.749524474 -0.0375204198 -0.742948115 0.646418333 -0.17369929 -0.105937988 0.142675743 0.984083712 0 0 0 0 0 13 1.06766057 1.84638977 -1.83206666 1.84614134 0.882620335 -1.12119067 -0.219512388 -2.20216751 -0.240014613 1.23031342 1.13051248 1.53993893 2.03322983 -1.41636884 -0.370582104 -1.50839472 2.24336076 -2.00215459 0.90909481 -1.19239688 -1.14379489 1.36410356 2.01061249 0.375816226 0.680527508 2.20282149 -0.481447667 -1.12712705 0.471725851 -1.4442606 0.209047034 -0.277841628 -1.61294353 -1.22583401 0.627486825 2.12179303 0.866642714 -1.44812953 0.208701476
PRIM 1 -1865.12024 5745.41406 620.984131 0.90368396 -0.197699726 -0.37982899 0.172853395 0.97997725 -0.0988244638 0.391761333 0.023651354 0.91976285 0 0 0.756998599 1.59851635 2.67838097 0
PRIM 0 -1868.42676 5744.69385 620.624512 -0.0154172853 0.815659225 0.578327179 0.498655677 0.507606149 -0.702622592 -0.866663039 0.277553588 -0.414559007 2.22958541 0 0 0 0 0
PRIM 1 -4463.12646 2876.17676 -1220.48621 0.627680659 0.584470928 -0.514208794 -0.637178719 0.765207767 0.0919800326 0.44723621 0.269908816 0.852718592 0 0 3.75186467 3.42352724 2.30487323 0
PRIM 0 -4462.8457 2874.1333 -1222.81848 0.952881694 -0.253868222 0.166034237 0.275491416 0.953353524 -0.123375431 -0.12696822 0.163303196 0.97837168 3.89760232 0 0 0 0 0
PRIM 2 -4749.43799 -2982.19165 -6300.50293 0.968829632 0.186151937 0.163452059 -0.247224793 0.684506595 0.685806572 0.0157802086 -0.70483911 0.70919162 1.46515656 2.00432158 0 0 0 0
PRIM 1 -4753.23438 -2982.67285 -6299.58301 0.96841079 0.0868000388 -0.233765438 -0.191945449 0.857901454 -0.476615191 0.159177482 0.506429493 0.847461879 0 0 3.11589313 2.30172491 0.535244703 0
PRIM 2 -3415.57544 1459.18787 -2957.75439 0.206308782 0.753706217 0.623990059 0.0862590522 0.621217132 -0.778876543 -0.974677444 0.214513853 0.063148573 0.444822997 1.93076754 0 0 0 0
PRIM 0 -3417.17603 1458.46655 -2958.09497 0.178373054 -0.92443639 -0.337046564 -0.670064509 0.136719912 -0.729603469 0.720552981 0.355984539 -0.595044911 2.22278357 0 0 0 0 0
PRIM 0 -2230.3064 5392.45801 1075.0863 -0.0800660178 0.937863827 0.337640077 0.797037482 0.26365152 -0.543340743 -0.598598957 0.225608662 -0.76862216 3.62274456 0 0 0 0 0
PRIM 1 -2225.66724 5395.26221 1074.60046 0.970499635 -0.194766894 0.142113626 0.166328475 0.967557847 0.190175295 -0.174543008 -0.160927519 0.971409857 0 0 3.77418995 2.06736445 2.61218882 0
PRIM 1 -5492.57373 3849.42529 3419.59888 0.84696418 0.514430821 0.134211093 -0.528686106 0.841582596 0.110588036 -0.0560598224 -0.16461964 0.984762728 0 0 2.54901624 2.2087326 2.99194241 0
PRIM 0 -5490.17334 3848.50391 3419.34204 0.957948506 -0.113762513 0.263425142 0.175499573 0.958604991 -0.224223971 -0.227012381 0.261026025 0.938259482 1.75805008 0 0 0 0 0
PRIM 2 -4416.27637 7501.14697 -46.0005798 0.135332137 0.70967871 0.691405356 0.83895874 0.289159447 -0.461015224 -0.527099073 0.64245075 -0.556258619 1.23925638 5.50536346 0 0 0 0
PRIM 1 -4417.93066 7499.21973 -42.0695457 0.920564592 -0.335419029 0.200137123 0.211550459 0.858900249 0.466408312 -0.328340054 -0.387019902 0.861631274 0 0 0.672026932 2.91440415 2.68113685 0
PRIM 0 7519.30225 1742.70129 -162.369308 0.273220897 -0.400829196 -0.874463439 -0.396836013 -0.875059605 0.277113408 -0.876282811 0.271305412 -0.39814803 3.21658587 0 0 0 0 0
PRIM 0 7517.05225 1745.90405 -161.869766 0.996228516 -0.0716898292 -0.0488806069 0.0840274096 0.937579691 0.337466657 0.0216365363 -0.340301216 0.94006753 3.64071727 0 0 0 0 0
PRIM 1 -249.780655 -4741.18799 7874.59131 0.189027727 0.218606904 0.957329392 0.886126637 0.382121623 -0.262226284 -0.423140734 0.897883117 -0.121481821 0 0 0.540415227 0.837348282 0.84642005 0
PRIM 1 -249.819061 -4740.93848 7873.51855 0.654175699 -0.75183022 0.0824952126 0.594499707 0.578554928 0.558430195 -0.467572719 -0.316268116 0.825439394 0 0 1.24174404 1.55645561 1.22051895 0
PRIM 3 -1354.56799 -7525.78564 5620.64453 0.665295064 0.474520624 -0.576378882 0.433721423 0.382729113 0.815723062 0.60767442 -0.792684436 0.048818022 0 0 0 0 0 12 -1.25848866 0.621090055 -1.66619635 -1.62200153 -1.14071846 -1.02506697 -1.04574764 -0.534050465 -0.65871805 -2.26437736 1.20977867 -0.465870231 2.63843179 -1.5067873 -0.883097053 -0.845416725 -2.46040869 -0.726144671 -1.18561113 -2.05765224 -0.72215569 -1.42044318 2.40351701 -2.35820866 0.323223561 0.349022418 1.27443027 -1.76293516 0.520913005 -1.35429895 -2.68094373 -1.25951874 2.09730148 2.14287257 -0.513399601 0.387955695
PRIM 1 -1354.32727 -7525.73389 5620.73193 0.994355857 -0.0740758926 0.0759551898 0.0612564906 0.985367179 0.159056976 -0.086626038 -0.153506488 0.98434329 0 0 0.832534313 2.5981338 1.90355945 0
PRIM 1 3127.46899 3638.40552 -6325.38184 0.663975537 -0.497067809 -0.558623374 0.491380543 0.853161931 -0.175099492 0.563632548 -0.158234894 0.810728133 0 0 0.649866641 1.07429492 2.67752624 0
PRIM 0 3126.04614 3637.76001 -6325.01367 0.802830875 0.0231781229 0.595756173 -0.236342981 0.929751456 0.282319456 -0.547361493 -0.367457539 0.751911104 3.38226581 0 0 0 0 0
PRIM 3 -2573.36768 1834.06506 2181.30444 -0.8912884 -0.198623523 0.407619476 0.418518901 -0.706288576 0.570962667 0.174490377 0.679488897 0.712634563 0 0 0 0 0 13 0.974562824 -0.223056912 0.502254426 -0.102480106 0.0390766487 -0.861331463 0.046004422 -0.585713446 0.981801808 -0.481140614 0.433037192 -0.690912247 0.149109587 -0.127215743 1.37380934 0.728689075 0.195282131 -0.486651301 -0.44157365 -0.596271813 -1.33469057 1.23273206 -1.39811003 0.364756286 0.874762535 -0.565954447 -0.0838640481 0.0471748598 0.134119883 -1.42151892 -0.545949578 1.30161989 -0.0894714817 0.81604439 0.0576691031 1.33474958 -0.667343199 -0.820807159 -1.2726053
PRIM 0 -2572.71143 1834.00708 2181.76758 0.999978304 0.00105240231 0.00650402717 -0.00103855785 0.999997199 -0.00213161111 -0.0065062521 0.00212481013 0.999976575 1.65659845 0 0 0 0 0
PRIM 1 1859.08777 -470.05954 -1514.67664 0.76897347 0.232765183 -0.595399201 -0.0532185212 -0.904816926 -0.422461957 -0.637061715 0.35654828 -0.683392763 0 0 1.49187422 2.6144278 0.850003898 0
PRIM 1 1860.58032 -470.131439 -1514.84497 -0.185997009 -0.963370681 -0.193189025 -0.949707866 0.125859857 0.2867302 -0.251912743 0.236804113 -0.938330293 0 0 0.669653535 1.68136489 0.508127153 0
PRIM 0 -7379.10254 -5326.1167 -7263.83936 -0.244180813 -0.370863229 0.896011293 -0.29091242 0.909437776 0.297141135 -0.925065219 -0.188104644 -0.329955995 3.73063445 0 0 0 0 0
PRIM 1 -7378.38672 -5327.16846 -7263.23291 0.806781948 -0.590832412 -0.00447510229 0.529368281 0.719447136 0.449627697 -0.262434989 -0.365120471 0.893204868 0 0 1.30199742 1.74146187 3.69640923 0
PRIM 0 -2058.04785 2498.07617 5587.78906 0.798668087 0.438405186 0.412225872 -0.428107917 -0.06748043 0.901204765 0.422910005 -0.896240652 0.133790255 1.4776504 0 0 0 0 0
PRIM 2 -2058.05542 2498.12109 5587.67432 0.0312063415 0.180323064 0.983112276 0.688047349 0.709570169 -0.151990086 -0.724994481 0.681170881 -0.10192772 1.91752887 0.834668994 0 0 0 0
PRIM 1 -4460.00391 -5263.63525 -5792.61328 -0.57336694 -0.446269095 -0.687091172 -0.543898463 -0.419848412 0.72656846 -0.612719178 0.790298164 -0.00199786061 0 0 0.730939806 1.52416635 1.68121409 0
PRIM 3 -4455.93896 -5265.19678 -5791.56982 0.686162293 0.4152385 0.597292483 -0.719740689 0.506730855 0.474549443 -0.10561531 -0.755513668 0.646563649 0 0 0 0 0 15 -2.2526269 2.49939966 -2.88599682 -0.87052834 1.67566299 -0.404668242 0.424906284 -0.36185357 -2.65719819 -2.46652436 1.49380279 -1.17710209 0.311174721 2.29509759 -0.301130027 -2.47841811 -1.17814946 2.02180099 2.09382606 -0.603379905 -2.84673214 2.11979508 1.51767433 -0.0176210664 -0.309055239 2.78096676 0.689891219 1.84645033 -1.51488185 2.08498502 -2.45419812 0.378982455 2.59883523 1.34607565 -2.32720685 0.426764876 -2.25618625 -0.572055936 0.421509862 -2.75363469 -0.766912639 0.885484874 2.49636388 2.0228734 -0.355999202
PRIM 3 960.640198 2651.74463 4406.81982 -0.50688684 -0.439154565 -0.741760731 -0.438687325 0.872152448 -0.216572344 0.742037177 0.215623349 -0.634734154 0 0 0 0 0 15 1.95089543 2.20177555 -0.361688584 -1.17303038 -2.93515158 2.73355579 -1.53292477 -1.44588888 -2.10482001 -1.5082674 -3.27602673 -1.49794066 3.16004205 -0.224016145 1.96480155 -1.91722953 -2.6280179 1.57926989 1.79512823 -2.1830337 2.48469925 -2.90321755 3.11662698 1.02864695 0.0713030472 3.08336735 -0.750081778 3.53383589 2.28812122 -0.751048088 2.14751577 2.45316672 2.9450798 -2.27875805 -0.392710298 -3.27755857 -1.7485472 -3.13258839 0.392205179 3.0663259 -0.158178806 -1.64337933 1.44457817 -3.05925679 3.22182393
PRIM 2 965.545227 2647.7959 4407.91504 0.812869608 -0.571688533 -0.111423679 0.5466488 0.814852715 -0.192847595 0.201042637 0.0958503261 0.974881828 0.397089809 3.06467819 0 0 0 0
PRIM 0 -7888.54297 -1340.50293 2572.05127 0.728487551 0.549559474 -0.409011394 -0.675704062 0.674749136 -0.296879858 0.112826936 0.492643923 0.862885892 1.29801989 0 0 0 0 0
PRIM 1 -7885.15283 -1343.05371 2576.80054 -0.455648214 0.758195758 0.466394603 0.888983667 0.414512932 0.194646105 -0.0457467474 0.503307343 -0.862895668 0 0 2.26070809 2.02692747 3.91890311 0
PRIM 3 3107.73438 -4860.48096 3359.83862 0.983285725 0.175119355 0.0498234071 0.125744894 -0.455275089 -0.881426573 -0.131671503 0.872959256 -0.469685853 0 0 0 0 0 12 -0.539095283 -2.91060495 -2.94896936 0.136678725 0.12320295 1.53246725 -0.496917784 -1.75275624 -0.619472921 -0.178858668 0.133435726 0.587328553 1.32252848 -2.87729502 1.43939042 -2.6861341 -1.2830826 -1.47257936 -0.872692943 2.74523091 0.453803986 -0.901722968 -2.27501249 -1.66984224 1.83458853 -1.6170181 -2.84411311 2.32381773 -1.16451812 0.359999806 0.707840621 1.53606427 1.7531085 -1.21228337 -1.15230954 1.60966825
PRIM 0 3107.25977 -4861.08447 3362.15063 -0.45798406 -0.888834119 -0.0149838328 -0.867385149 0.450496197 -0.211414576 0.194662645 -0.0838277563 -0.97728163 3.44234419 0 0 0 0 0
PRIM 3 5505.06055 -3047.60645 1979.6947 0.282935411 -0.118797213 -0.951753557 0.619745255 -0.734692216 0.275940418 -0.732026875 -0.667918086 -0.134246439 0 0 0 0 0 10 1.1356343 -1.14217758 -0.338123202 -0.39819929 -1.07497466 0.49260664 0.744495094 -0.248705402 -0.375910878 0.791153908 -0.795743048 -0.336159647 -1.38334298 0.0549516007 -1.43691516 -1.25153613 1.17859209 0.0926915258 -0.32524541 -1.0380286 0.956635416 0.838150859 0.665755749 -0.210517466 1.55181193 -0.0149281966 1.34810746 -0.278601378 -0.773414373 -1.24207032
PRIM 1 5504.60303 -3045.99585 1983.1842 0.999948442 0.00975414366 0.00282743666 -0.00966018997 0.999456167 -0.031529367 -0.00313344086 0.0315004289 0.999498844 0 0 2.08698773 1.15680492 3.59826636 0
PRIM 3 5238.88965 -2348.72266 1106.23474 -0.14435482 -0.621918499 0.769661665 0.0139602441 0.776451051 0.630022883 -0.989427507 0.101691507 -0.103402317 0 0 0 0 0 11 3.03381896 1.97500563 3.15116191 0.696173847 1.05016673 0.420169413 2.65880966 2.36169004 -1.62207198 2.65204716 -0.315262884 1.5423106 -3.16245174 -0.929410517 1.90601957 -0.930178523 -1.83184767 2.78899455 -2.19529915 -2.27221704 0.970601916 -1.30307484 2.90366077 -1.82389355 0.963560045 -2.81943345 1.99136722 1.77776206 1.53184366 -1.48150468 -1.65247583 1.55543017 -0.993481576
PRIM 0 5239.36572 -2348.50537 1104.50623 -0.64489758 0.510800362 0.568498135 0.59849602 -0.125069529 0.7913028 0.475299537 0.850553155 -0.22505495 3.10403442 0 0 0 0 0
PRIM 2 -4981.98535 -3549.11499 -3263.65088 0.947522223 0.251278311 -0.197638273 -0.283297092 0.946443915 -0.154876202 0.148136511 0.202738985 0.96796304 1.16794419 4.93720341 0 0 0 0
PRIM 3 -4977.76709 -3551.14746 -3262.90894 0.355526328 0.414653003 -0.837653816 -0.788802207 0.613869071 -0.0309164748 0.501390159 0.67173481 0.545325816 0 0 0 0 0 8 -0.498057514 -1.49088466 -1.93727303 -0.240773141 -0.24790056 1.3035872 -1.96126294 -1.12318707 -0.839378715 1.48786116 1.52849638 0.890076876 0.7711308 2.02265072 0.947275639 -0.330189347 1.70327795 -1.32534659 -1.73487771 0.494120806 -0.415751576 1.60142529 1.04031909 1.08675408
PRIM 1 7418.1543 -3546.58643 4561.58154 -0.992489338 -0.040794041 -0.115328968 -0.0478431843 0.997109115 0.0590289012 0.112587541 0.0641032606 -0.991571903 0 0 1.26688218 1.37788963 1.68823528 0
PRIM 1 7417.19482 -3544.49316 4560.67188 -0.90144676 0.269021273 0.339147896 0.432536989 0.52811867 0.730754673 0.0174782109 0.805430472 -0.592432499 0 0 3.05858612 3.41632056 3.22585726 0
PRIM 3 -1469.02295 -2846.53833 5119.81055 0.297044486 -0.839393735 0.455173284 0.194329575 -0.413570344 -0.889491737 0.934879959 0.352672279 0.0402702391 0 0 0 0 0 12 -1.50521982 1.52943909 -2.51269031 3.01416945 0.349402755 -1.66975772 0.560941756 -2.94158959 2.7838006 1.22591293 -0.0143629601 -2.02094293 -1.31251669 1.02937043 2.10821104 3.41019869 -1.91183937 -0.372272968 -1.07444513 -1.87473023 -2.97835732 2.75273085 0.0844791085 1.46928966 -1.71702576 -0.316389143 -0.537290215 -1.82420361 -0.71304214 -2.2568152 -2.59135938 -2.00070143 1.76215243 -2.35700536 -2.21955061 0.629309356
PRIM 1 -1467.79163 -2845.52515 5122.10156 0.112167314 -0.883345842 0.455102831 -0.942668676 0.0502764471 0.329921275 -0.314315528 -0.466017574 -0.827063084 0 0 3.37068367 2.43451452 2.44858909 0
PRIM 1 -426.698547 6469.91748 1424.16907 0.965119064 -0.0533401109 0.256320119 0.0775676146 0.993326783 -0.0853535309 -0.250056863 0.102258459 0.96281606 0 0 2.46498466 2.90337968 1.50547707 0
PRIM 1 -426.650757 6469.7085 1424.18799 0.633242965 0.131656334 0.762672901 0.123031437 0.955771029 -0.267142206 -0.764111638 0.26299867 0.589037478 0 0 0.876868188 1.90529621 3.42598581 0
PRIM 0 4693.62842 5074.72705 -4166.76367 0.987959683 -0.111903839 0.10683278 0.151557997 0.838744223 -0.523008883 -0.0310786776 0.532903016 0.845605373 0.822036088 0 0 0 0 0
